9 4 2
-13 -13 5 5 -6
3 1 6 6 8
-4 -5 5 5 2
0 2 -3 -2 -2
3.0714

9 4 3
1 1 1 1 1
1 0 1 1 -1
1 1 0 -1 1
1 0 1 -1 0
6.0

9 4 4
1 1 1 1 1
1 -1 2 -2 0
1 2 -2 0 -1
1 -2 0 -1 -1
13.0

9 4 5
1 1 1 1 1
1 -1 1 -2 3
1 2 -2 3 -1
1 -2 3 -1 2
inf

9 5 2
1 1 1 1
1 1 1 0
1 1 0 1
1 1 0 0
1 0 1 0
3

9 5 3
5 -2 4 -8
-2 5 -2 6
-5 -7 -10 -1
-6 0 -10 -4
-3 -8 -5 -8
51.797297297297305

9 5 4
-4 1 -4 2
-3 2 -1 -5
-4 2 -5 -6
5 -2 -4 -9
-1 6 2 -3
232.0

9 6 2
-2 0 1
0 -1 1
-2 1 1
-2 0 2
-1 2 2
-3 -1 2
9.5

9 6 3
4 -3 1
4 -2 -3
-3 -3 6
-3 4 -2
-4 -1 7
-4 -2 2
96.0

10 4 2
2 0 5 -4 -5 1
5 3 5 -7 2 3
0 4 -7 -1 4 -5
1 3 6 -6 -4 3
7.128133704735378

10 4 3
-1 -5 0 5 -2 -2
5 3 5 -1 -4 3
-3 2 4 -2 2 5
4 3 1 2 0 -2
9.090909090909092

10 4 4
-4 -5 -5 -4 4 3
-2 1 -2 2 0 -1
-1 -5 0 -2 1 4
3 4 -4 -3 1 1
16.03448275862069

10 5 2
-6 1 -3 2 1
-6 -3 -2 4 1
3 -7 -7 -4 -7
-6 1 2 3 3
-1 -1 -7 -1 -3
9.428571428571429

10 5 3
-1 -4 3 -3 4
-2 4 1 2 -4
4 -4 2 -4 3
0 1 -5 4 2
-4 4 3 -3 0
17.77777777777778

10 5 4
-2 -5 2 -1 -1
-3 4 -1 2 5
0 -4 -5 5 -2
-3 -1 0 -1 3
3 2 -3 5 -1
50.0

10 5 5
2 -3 1 4 -2
0 1 -2 3 1
-1 4 0 -3 2
3 -2 1 0 -1
-4 2 3 1 0
inf

10 6 2
1 1 0 1
-1 0 0 -1
1 1 -2 2
0 0 1 -1
0 1 1 0
0 -2 0 -2
5.0

10 6 3
-2 -4 3 2
0 3 -3 1
1 2 -1 1
3 -1 0 -2
-2 3 -2 -3
-2 2 1 1
29.0

10 6 4
4 5 -5 6
5 1 -8 7
6 -6 -3 4
5 3 -2 -6
-7 1 8 4
6 4 -7 5
716.600000000001